Running 2m test @ http://10.43.8.6/read
  4 threads and 32 connections
  Thread calibration: mean lat.: 4.269ms, rate sampling interval: 10ms
  Thread calibration: mean lat.: 4.376ms, rate sampling interval: 10ms
  Thread calibration: mean lat.: 4.253ms, rate sampling interval: 10ms
  Thread calibration: mean lat.: 4.319ms, rate sampling interval: 10ms
  Thread Stats   Avg      Stdev     Max   +/- Stdev
    Latency     4.10ms    1.15ms  25.62ms   84.43%
    Req/Sec   263.49     85.67   666.00     80.85%
  Latency Distribution (HdrHistogram - Recorded Latency)
 50.000%    3.90ms
 75.000%    4.43ms
 90.000%    5.17ms
 99.000%    8.73ms
 99.900%   13.53ms
 99.990%   19.49ms
 99.999%   25.12ms
100.000%   25.63ms

  Detailed Percentile spectrum:
       Value   Percentile   TotalCount 1/(1-Percentile)

       1.964     0.000000            1         1.00
       3.071     0.100000        11060         1.11
       3.341     0.200000        22053         1.25
       3.541     0.300000        33044         1.43
       3.725     0.400000        44030         1.67
       3.899     0.500000        55025         2.00
       3.987     0.550000        60509         2.22
       4.077     0.600000        65993         2.50
       4.183     0.650000        71526         2.86
       4.299     0.700000        77001         3.33
       4.431     0.750000        82481         4.00
       4.515     0.775000        85309         4.44
       4.607     0.800000        88024         5.00
       4.711     0.825000        90810         5.71
       4.823     0.850000        93535         6.67
       4.967     0.875000        96262         8.00
       5.063     0.887500        97626         8.89
       5.167     0.900000        98958        10.00
       5.287     0.912500       100354        11.43
       5.447     0.925000       101718        13.33
       5.651     0.937500       103089        16.00
       5.771     0.943750       103785        17.78
       5.931     0.950000       104461        20.00
       6.131     0.956250       105148        22.86
       6.371     0.962500       105836        26.67
       6.679     0.968750       106523        32.00
       6.887     0.971875       106866        35.56
       7.079     0.975000       107208        40.00
       7.311     0.978125       107553        45.71
       7.599     0.981250       107897        53.33
       7.931     0.984375       108239        64.00
       8.091     0.985938       108410        71.11
       8.319     0.987500       108582        80.00
       8.583     0.989062       108750        91.43
       8.871     0.990625       108929       106.67
       9.255     0.992188       109093       128.00
       9.447     0.992969       109181       142.22
       9.711     0.993750       109266       160.00
      10.031     0.994531       109351       182.86
      10.319     0.995313       109439       213.33
      10.663     0.996094       109526       256.00
      10.887     0.996484       109568       284.44
      11.103     0.996875       109609       320.00
      11.415     0.997266       109653       365.71
      11.743     0.997656       109695       426.67
      12.135     0.998047       109738       512.00
      12.303     0.998242       109760       568.89
      12.615     0.998437       109781       640.00
      12.807     0.998633       109802       731.43
      13.135     0.998828       109824       853.33
      13.583     0.999023       109845      1024.00
      13.799     0.999121       109856      1137.78
      13.927     0.999219       109867      1280.00
      14.103     0.999316       109877      1462.86
      14.479     0.999414       109888      1706.67
      15.015     0.999512       109899      2048.00
      15.119     0.999561       109904      2275.56
      15.183     0.999609       109910      2560.00
      15.479     0.999658       109915      2925.71
      15.647     0.999707       109920      3413.33
      16.087     0.999756       109926      4096.00
      16.671     0.999780       109928      4551.11
      16.975     0.999805       109931      5120.00
      17.807     0.999829       109934      5851.43
      18.415     0.999854       109936      6826.67
      19.055     0.999878       109939      8192.00
      19.119     0.999890       109940      9102.22
      19.743     0.999902       109942     10240.00
      20.159     0.999915       109943     11702.86
      20.239     0.999927       109944     13653.33
      21.231     0.999939       109946     16384.00
      21.231     0.999945       109946     18204.44
      22.207     0.999951       109947     20480.00
      22.367     0.999957       109948     23405.71
      22.367     0.999963       109948     27306.67
      22.847     0.999969       109949     32768.00
      22.847     0.999973       109949     36408.89
      23.343     0.999976       109950     40960.00
      23.343     0.999979       109950     46811.43
      23.343     0.999982       109950     54613.33
      25.119     0.999985       109951     65536.00
      25.119     0.999986       109951     72817.78
      25.119     0.999988       109951     81920.00
      25.119     0.999989       109951     93622.86
      25.119     0.999991       109951    109226.67
      25.631     0.999992       109952    131072.00
      25.631     1.000000       109952          inf
#[Mean    =        4.098, StdDeviation   =        1.152]
#[Max     =       25.616, Total count    =       109952]
#[Buckets =           27, SubBuckets     =         2048]
----------------------------------------------------------
  119991 requests in 2.00m, 14.19MB read
Requests/sec:    999.97
Transfer/sec:    121.09KB