Running 2m test @ http://10.43.6.226/read
  4 threads and 32 connections
  Thread calibration: mean lat.: 36.572ms, rate sampling interval: 304ms
  Thread calibration: mean lat.: 38.793ms, rate sampling interval: 319ms
  Thread calibration: mean lat.: 39.217ms, rate sampling interval: 327ms
  Thread calibration: mean lat.: 37.339ms, rate sampling interval: 310ms
  Thread Stats   Avg      Stdev     Max   +/- Stdev
    Latency    46.33ms   80.30ms 470.78ms   83.08%
    Req/Sec   250.00     74.94   534.00     72.54%
  Latency Distribution (HdrHistogram - Recorded Latency)
 50.000%    3.34ms
 75.000%   56.16ms
 90.000%  185.34ms
 99.000%  305.15ms
 99.900%  370.43ms
 99.990%  423.42ms
 99.999%  461.82ms
100.000%  471.04ms

  Detailed Percentile spectrum:
       Value   Percentile   TotalCount 1/(1-Percentile)

       1.650     0.000000            1         1.00
       2.533     0.100000        11005         1.11
       2.751     0.200000        22035         1.25
       2.941     0.300000        33049         1.43
       3.133     0.400000        44023         1.67
       3.341     0.500000        55069         2.00
       3.467     0.550000        60545         2.22
       3.637     0.600000        66033         2.50
       3.937     0.650000        71488         2.86
       8.631     0.700000        76978         3.33
      56.159     0.750000        82475         4.00
      78.335     0.775000        85231         4.44
      99.391     0.800000        87973         5.00
     121.855     0.825000        90728         5.71
     143.615     0.850000        93488         6.67
     163.839     0.875000        96226         8.00
     174.335     0.887500        97596         8.89
     185.343     0.900000        98972        10.00
     196.479     0.912500       100346        11.43
     208.511     0.925000       101721        13.33
     220.543     0.937500       103103        16.00
     227.455     0.943750       103783        17.78
     234.623     0.950000       104483        20.00
     242.175     0.956250       105156        22.86
     250.495     0.962500       105844        26.67
     259.455     0.968750       106539        32.00
     264.447     0.971875       106887        35.56
     269.311     0.975000       107220        40.00
     275.455     0.978125       107561        45.71
     282.111     0.981250       107905        53.33
     289.279     0.984375       108250        64.00
     292.863     0.985938       108421        71.11
     297.215     0.987500       108597        80.00
     301.823     0.989062       108771        91.43
     306.943     0.990625       108942       106.67
     313.343     0.992188       109107       128.00
     316.927     0.992969       109197       142.22
     320.767     0.993750       109284       160.00
     324.863     0.994531       109365       182.86
     328.959     0.995313       109451       213.33
     333.311     0.996094       109539       256.00
     335.871     0.996484       109580       284.44
     339.967     0.996875       109623       320.00
     343.039     0.997266       109666       365.71
     348.159     0.997656       109711       426.67
     354.559     0.998047       109752       512.00
     357.375     0.998242       109773       568.89
     360.703     0.998437       109796       640.00
     364.031     0.998633       109817       731.43
     367.103     0.998828       109840       853.33
     370.431     0.999023       109859      1024.00
     373.503     0.999121       109871      1137.78
     377.599     0.999219       109881      1280.00
     381.183     0.999316       109893      1462.86
     386.303     0.999414       109902      1706.67
     391.423     0.999512       109913      2048.00
     392.703     0.999561       109918      2275.56
     395.263     0.999609       109924      2560.00
     397.311     0.999658       109931      2925.71
     398.591     0.999707       109934      3413.33
     401.663     0.999756       109940      4096.00
     404.223     0.999780       109942      4551.11
     405.247     0.999805       109945      5120.00
     406.527     0.999829       109948      5851.43
     412.159     0.999854       109950      6826.67
     415.743     0.999878       109953      8192.00
     418.047     0.999890       109954      9102.22
     426.495     0.999902       109956     10240.00
     431.871     0.999915       109957     11702.86
     433.919     0.999927       109958     13653.33
     439.039     0.999939       109960     16384.00
     439.039     0.999945       109960     18204.44
     441.855     0.999951       109961     20480.00
     451.071     0.999957       109962     23405.71
     451.071     0.999963       109962     27306.67
     454.911     0.999969       109963     32768.00
     454.911     0.999973       109963     36408.89
     459.775     0.999976       109964     40960.00
     459.775     0.999979       109964     46811.43
     459.775     0.999982       109964     54613.33
     461.823     0.999985       109965     65536.00
     461.823     0.999986       109965     72817.78
     461.823     0.999988       109965     81920.00
     461.823     0.999989       109965     93622.86
     461.823     0.999991       109965    109226.67
     471.039     0.999992       109966    131072.00
     471.039     1.000000       109966          inf
#[Mean    =       46.332, StdDeviation   =       80.304]
#[Max     =      470.784, Total count    =       109966]
#[Buckets =           27, SubBuckets     =         2048]
----------------------------------------------------------
  119766 requests in 2.00m, 14.16MB read
Requests/sec:    997.76
Transfer/sec:    120.82KB