Running 2m test @ http://10.43.197.170/ro_hitormiss
  4 threads and 32 connections
  Thread calibration: mean lat.: 285.399ms, rate sampling interval: 1389ms
  Thread calibration: mean lat.: 279.574ms, rate sampling interval: 1374ms
  Thread calibration: mean lat.: 279.397ms, rate sampling interval: 1385ms
  Thread calibration: mean lat.: 288.233ms, rate sampling interval: 1404ms
  Thread Stats   Avg      Stdev     Max   +/- Stdev
    Latency   289.97ms  240.79ms   1.00s    57.70%
    Req/Sec   249.25     67.52   390.00     66.14%
  Latency Distribution (HdrHistogram - Recorded Latency)
 50.000%  255.87ms
 75.000%  457.47ms
 90.000%  660.99ms
 99.000%  828.93ms
 99.900%  910.34ms
 99.990%  962.05ms
 99.999%  994.30ms
100.000%    1.00s 

  Detailed Percentile spectrum:
       Value   Percentile   TotalCount 1/(1-Percentile)

       1.991     0.000000            1         1.00
       3.649     0.100000        11005         1.11
      33.535     0.200000        21991         1.25
     102.783     0.300000        32995         1.43
     179.327     0.400000        43993         1.67
     255.871     0.500000        54983         2.00
     295.167     0.550000        60517         2.22
     332.799     0.600000        66003         2.50
     367.615     0.650000        71472         2.86
     406.271     0.700000        77002         3.33
     457.471     0.750000        82472         4.00
     489.983     0.775000        85226         4.44
     524.287     0.800000        87972         5.00
     558.591     0.825000        90744         5.71
     592.383     0.850000        93464         6.67
     626.687     0.875000        96239         8.00
     643.583     0.887500        97604         8.89
     660.991     0.900000        98971        10.00
     678.911     0.912500       100360        11.43
     697.343     0.925000       101739        13.33
     715.775     0.937500       103085        16.00
     725.503     0.943750       103787        17.78
     735.743     0.950000       104475        20.00
     745.983     0.956250       105164        22.86
     757.247     0.962500       105840        26.67
     769.535     0.968750       106529        32.00
     776.191     0.971875       106878        35.56
     782.847     0.975000       107212        40.00
     790.527     0.978125       107562        45.71
     798.719     0.981250       107907        53.33
     808.447     0.984375       108251        64.00
     813.055     0.985938       108412        71.11
     818.175     0.987500       108579        80.00
     824.831     0.989062       108754        91.43
     831.999     0.990625       108932       106.67
     839.167     0.992188       109098       128.00
     843.263     0.992969       109179       142.22
     848.895     0.993750       109270       160.00
     854.527     0.994531       109351       182.86
     860.159     0.995313       109439       213.33
     867.839     0.996094       109524       256.00
     871.935     0.996484       109571       284.44
     875.519     0.996875       109612       320.00
     880.639     0.997266       109659       365.71
     884.735     0.997656       109695       426.67
     890.367     0.998047       109738       512.00
     894.463     0.998242       109758       568.89
     899.583     0.998437       109782       640.00
     902.143     0.998633       109802       731.43
     906.751     0.998828       109824       853.33
     911.871     0.999023       109845      1024.00
     914.431     0.999121       109855      1137.78
     918.015     0.999219       109866      1280.00
     920.575     0.999316       109877      1462.86
     925.695     0.999414       109890      1706.67
     929.791     0.999512       109898      2048.00
     931.839     0.999561       109903      2275.56
     935.423     0.999609       109909      2560.00
     939.007     0.999658       109914      2925.71
     941.055     0.999707       109919      3413.33
     943.615     0.999756       109925      4096.00
     944.639     0.999780       109927      4551.11
     946.175     0.999805       109930      5120.00
     950.271     0.999829       109934      5851.43
     950.783     0.999854       109935      6826.67
     956.927     0.999878       109938      8192.00
     961.023     0.999890       109939      9102.22
     965.119     0.999902       109941     10240.00
     967.167     0.999915       109942     11702.86
     970.751     0.999927       109944     13653.33
     972.287     0.999939       109945     16384.00
     972.287     0.999945       109945     18204.44
     973.823     0.999951       109947     20480.00
     973.823     0.999957       109947     23405.71
     973.823     0.999963       109947     27306.67
     978.431     0.999969       109948     32768.00
     978.431     0.999973       109948     36408.89
     992.255     0.999976       109949     40960.00
     992.255     0.999979       109949     46811.43
     992.255     0.999982       109949     54613.33
     994.303     0.999985       109950     65536.00
     994.303     0.999986       109950     72817.78
     994.303     0.999988       109950     81920.00
     994.303     0.999989       109950     93622.86
     994.303     0.999991       109950    109226.67
    1003.007     0.999992       109951    131072.00
    1003.007     1.000000       109951          inf
#[Mean    =      289.975, StdDeviation   =      240.787]
#[Max     =     1002.496, Total count    =       109951]
#[Buckets =           27, SubBuckets     =         2048]
----------------------------------------------------------
  119548 requests in 2.00m, 13.80MB read
Requests/sec:    996.27
Transfer/sec:    117.72KB