Running 2m test @ http://10.43.55.30/read
  4 threads and 32 connections
  Thread calibration: mean lat.: 171.910ms, rate sampling interval: 963ms
  Thread calibration: mean lat.: 174.221ms, rate sampling interval: 980ms
  Thread calibration: mean lat.: 174.824ms, rate sampling interval: 978ms
  Thread calibration: mean lat.: 174.667ms, rate sampling interval: 969ms
  Thread Stats   Avg      Stdev     Max   +/- Stdev
    Latency   235.08ms  220.24ms 929.79ms   49.62%
    Req/Sec   250.09     93.23   442.00     53.22%
  Latency Distribution (HdrHistogram - Recorded Latency)
 50.000%  194.18ms
 75.000%  420.35ms
 90.000%  559.10ms
 99.000%  718.85ms
 99.900%  807.42ms
 99.990%  875.52ms
 99.999%  908.80ms
100.000%  930.30ms

  Detailed Percentile spectrum:
       Value   Percentile   TotalCount 1/(1-Percentile)

       1.568     0.000000            1         1.00
       3.671     0.100000        11045         1.11
       4.223     0.200000        22034         1.25
      18.671     0.300000        33007         1.43
      98.559     0.400000        44014         1.67
     194.175     0.500000        55009         2.00
     240.127     0.550000        60523         2.22
     286.207     0.600000        66026         2.50
     331.263     0.650000        71535         2.86
     376.319     0.700000        77027         3.33
     420.351     0.750000        82549         4.00
     441.599     0.775000        85267         4.44
     463.359     0.800000        88027         5.00
     485.887     0.825000        90768         5.71
     509.183     0.850000        93537         6.67
     534.015     0.875000        96318         8.00
     545.791     0.887500        97643         8.89
     559.103     0.900000        99041        10.00
     572.415     0.912500       100397        11.43
     587.263     0.925000       101804        13.33
     603.135     0.937500       103164        16.00
     611.839     0.943750       103830        17.78
     621.055     0.950000       104549        20.00
     630.783     0.956250       105222        22.86
     642.047     0.962500       105908        26.67
     654.335     0.968750       106603        32.00
     661.503     0.971875       106941        35.56
     668.671     0.975000       107278        40.00
     676.863     0.978125       107633        45.71
     685.567     0.981250       107966        53.33
     695.295     0.984375       108309        64.00
     700.927     0.985938       108476        71.11
     707.071     0.987500       108651        80.00
     714.239     0.989062       108823        91.43
     721.407     0.990625       108988       106.67
     730.623     0.992188       109164       128.00
     734.207     0.992969       109246       142.22
     739.839     0.993750       109335       160.00
     745.983     0.994531       109419       182.86
     751.615     0.995313       109507       213.33
     759.295     0.996094       109591       256.00
     763.903     0.996484       109636       284.44
     768.511     0.996875       109676       320.00
     773.119     0.997266       109723       365.71
     779.263     0.997656       109765       426.67
     787.455     0.998047       109805       512.00
     791.039     0.998242       109828       568.89
     794.111     0.998437       109847       640.00
     798.719     0.998633       109869       731.43
     802.815     0.998828       109892       853.33
     808.447     0.999023       109912      1024.00
     812.031     0.999121       109922      1137.78
     817.151     0.999219       109933      1280.00
     821.247     0.999316       109943      1462.86
     826.367     0.999414       109954      1706.67
     829.951     0.999512       109966      2048.00
     831.999     0.999561       109970      2275.56
     837.631     0.999609       109976      2560.00
     842.751     0.999658       109981      2925.71
     847.359     0.999707       109986      3413.33
     850.431     0.999756       109992      4096.00
     854.015     0.999780       109994      4551.11
     855.551     0.999805       109997      5120.00
     859.135     0.999829       110000      5851.43
     864.767     0.999854       110002      6826.67
     873.471     0.999878       110005      8192.00
     873.983     0.999890       110006      9102.22
     875.519     0.999902       110008     10240.00
     880.639     0.999915       110009     11702.86
     881.663     0.999927       110010     13653.33
     892.927     0.999939       110012     16384.00
     892.927     0.999945       110012     18204.44
     898.047     0.999951       110013     20480.00
     901.119     0.999957       110014     23405.71
     901.119     0.999963       110014     27306.67
     901.631     0.999969       110015     32768.00
     901.631     0.999973       110015     36408.89
     905.727     0.999976       110016     40960.00
     905.727     0.999979       110016     46811.43
     905.727     0.999982       110016     54613.33
     908.799     0.999985       110017     65536.00
     908.799     0.999986       110017     72817.78
     908.799     0.999988       110017     81920.00
     908.799     0.999989       110017     93622.86
     908.799     0.999991       110017    109226.67
     930.303     0.999992       110018    131072.00
     930.303     1.000000       110018          inf
#[Mean    =      235.084, StdDeviation   =      220.238]
#[Max     =      929.792, Total count    =       110018]
#[Buckets =           27, SubBuckets     =         2048]
----------------------------------------------------------
  119541 requests in 2.00m, 14.14MB read
Requests/sec:    995.80
Transfer/sec:    120.59KB