Running 2m test @ http://10.43.42.213/read
  4 threads and 32 connections
  Thread calibration: mean lat.: 228.687ms, rate sampling interval: 1127ms
  Thread calibration: mean lat.: 234.293ms, rate sampling interval: 1134ms
  Thread calibration: mean lat.: 242.216ms, rate sampling interval: 1163ms
  Thread calibration: mean lat.: 252.434ms, rate sampling interval: 1210ms
  Thread Stats   Avg      Stdev     Max   +/- Stdev
    Latency   245.84ms  229.74ms 961.54ms   50.07%
    Req/Sec   249.93     91.21   416.00     52.25%
  Latency Distribution (HdrHistogram - Recorded Latency)
 50.000%  203.13ms
 75.000%  438.02ms
 90.000%  583.17ms
 99.000%  752.13ms
 99.900%  847.87ms
 99.990%  908.80ms
 99.999%  944.64ms
100.000%  962.05ms

  Detailed Percentile spectrum:
       Value   Percentile   TotalCount 1/(1-Percentile)

       1.480     0.000000            1         1.00
       3.667     0.100000        10983         1.11
       4.223     0.200000        21963         1.25
      22.127     0.300000        32901         1.43
     104.511     0.400000        43867         1.67
     203.135     0.500000        54843         2.00
     251.007     0.550000        60322         2.22
     299.263     0.600000        65811         2.50
     346.623     0.650000        71290         2.86
     392.703     0.700000        76785         3.33
     438.015     0.750000        82263         4.00
     460.543     0.775000        84995         4.44
     483.327     0.800000        87758         5.00
     506.623     0.825000        90481         5.71
     530.943     0.850000        93224         6.67
     556.543     0.875000        96012         8.00
     569.343     0.887500        97351         8.89
     583.167     0.900000        98710        10.00
     598.015     0.912500       100107        11.43
     613.375     0.925000       101458        13.33
     630.271     0.937500       102816        16.00
     639.999     0.943750       103525        17.78
     649.215     0.950000       104186        20.00
     659.455     0.956250       104892        22.86
     671.231     0.962500       105563        26.67
     683.519     0.968750       106244        32.00
     691.199     0.971875       106599        35.56
     699.391     0.975000       106953        40.00
     707.071     0.978125       107274        45.71
     716.799     0.981250       107614        53.33
     727.039     0.984375       107967        64.00
     733.183     0.985938       108134        71.11
     739.327     0.987500       108297        80.00
     747.007     0.989062       108469        91.43
     755.199     0.990625       108640       106.67
     764.415     0.992188       108814       128.00
     770.047     0.992969       108904       142.22
     775.167     0.993750       108986       160.00
     780.799     0.994531       109068       182.86
     786.943     0.995313       109154       213.33
     795.135     0.996094       109241       256.00
     798.719     0.996484       109282       284.44
     804.863     0.996875       109326       320.00
     809.983     0.997266       109368       365.71
     814.591     0.997656       109411       426.67
     823.807     0.998047       109453       512.00
     827.903     0.998242       109478       568.89
     833.535     0.998437       109497       640.00
     838.143     0.998633       109520       731.43
     841.727     0.998828       109540       853.33
     849.407     0.999023       109560      1024.00
     853.503     0.999121       109571      1137.78
     858.111     0.999219       109586      1280.00
     860.159     0.999316       109593      1462.86
     865.791     0.999414       109603      1706.67
     871.423     0.999512       109615      2048.00
     873.471     0.999561       109619      2275.56
     879.615     0.999609       109625      2560.00
     884.223     0.999658       109631      2925.71
     887.295     0.999707       109635      3413.33
     892.415     0.999756       109641      4096.00
     893.439     0.999780       109643      4551.11
     895.999     0.999805       109646      5120.00
     899.583     0.999829       109649      5851.43
     900.607     0.999854       109651      6826.67
     906.751     0.999878       109654      8192.00
     908.287     0.999890       109655      9102.22
     909.311     0.999902       109657     10240.00
     910.335     0.999915       109658     11702.86
     916.991     0.999927       109659     13653.33
     923.647     0.999939       109661     16384.00
     923.647     0.999945       109661     18204.44
     924.671     0.999951       109662     20480.00
     926.719     0.999957       109663     23405.71
     926.719     0.999963       109663     27306.67
     928.255     0.999969       109664     32768.00
     928.255     0.999973       109664     36408.89
     936.447     0.999976       109665     40960.00
     936.447     0.999979       109665     46811.43
     936.447     0.999982       109665     54613.33
     944.639     0.999985       109666     65536.00
     944.639     0.999986       109666     72817.78
     944.639     0.999988       109666     81920.00
     944.639     0.999989       109666     93622.86
     944.639     0.999991       109666    109226.67
     962.047     0.999992       109667    131072.00
     962.047     1.000000       109667          inf
#[Mean    =      245.841, StdDeviation   =      229.741]
#[Max     =      961.536, Total count    =       109667]
#[Buckets =           27, SubBuckets     =         2048]
----------------------------------------------------------
  119243 requests in 2.00m, 14.10MB read
Requests/sec:    993.67
Transfer/sec:    120.33KB